#modulus
100
#poisson
0.4999
#plane_strain
1
#nodes
85
0	0
0	0.25 
0	0.5 
0	0.75 
0	1
0.75 	0
0.75 	0.25 
0.75 	0.5 
0.75 	0.75 
0.75 	1
1.5 	0
1.5 	0.25 
1.5 	0.5 
1.5 	0.75 
1.5 	1
2.25  	0
2.25  	0.25 
2.25  	0.5 
2.25  	0.75 
2.25  	1
3	0
3	0.25 
3	0.5 
3	0.75 
3	1
3.75  	0
3.75  	0.25 
3.75  	0.5 
3.75  	0.75 
3.75  	1
4.5 	0
4.5 	0.25 
4.5 	0.5 
4.5 	0.75 
4.5 	1
5.25  	0
5.25  	0.25 
5.25  	0.5 
5.25  	0.75 
5.25  	1
6	0
6	0.25 
6	0.5 
6	0.75 
6	1
6.75  	0
6.75  	0.25 
6.75  	0.5 
6.75  	0.75 
6.75  	1
7.5 	0
7.5 	0.25 
7.5 	0.5 
7.5 	0.75 
7.5 	1
8.25  	0
8.25  	0.25 
8.25  	0.5 
8.25  	0.75 
8.25  	1
9	0
9	0.25 
9	0.5 
9	0.75 
9	1
9.75  	0
9.75  	0.25 
9.75  	0.5 
9.75  	0.75 
9.75  	1
10.5  	0
10.5  	0.25 
10.5  	0.5 
10.5  	0.75 
10.5  	1
11.25 	0
11.25  0.25 
11.25  0.5 
11.25  0.75 
11.25  1
12	0
12	0.25 
12	0.5
12	0.75 
12	1
#elements
64
4
1	6	7	2
2	7	8	3
3	8	9	4
4	9	10	5
6	11	12	7
7	12	13	8
8	13	14	9
9	14	15	10
11	16	17	12
12	17	18	13
13	18	19	14
14	19	20	15
16	21	22	17
17	22	23	18
18	23	24	19
19	24	25	20
21	26	27	22
22	27	28	23
23	28	29	24
24	29	30	25
26	31	32	27
27	32	33	28
28	33	34	29
29	34	35	30
31	36	37	32
32	37	38	33
33	38	39	34
34	39	40	35
36	41	42	37
37	42	43	38
38	43	44	39
39	44	45	40
41	46	47	42
42	47	48	43
43	48	49	44
44	49	50	45
46	51	52	47
47	52	53	48
48	53	54	49
49	54	55	50
51	56	57	52
52	57	58	53
53	58	59	54
54	59	60	55
56	61	62	57
57	62	63	58
58	63	64	59
59	64	65	60
61	66	67	62
62	67	68	63
63	68	69	64
64	69	70	65
66	71	72	67
67	72	73	68
68	73	74	69
69	74	75	70
71	76	77	72
72	77	78	73
73	78	79	74
74	79	80	75
76	81	82	77
77	82	83	78
78	83	84	79
79	84	85	80
#integration_pts
4
#displacement BC
#node - dof - value
1   1   0
1	2	0
2	1	0
2	2	0
3	1	0
3	2	0
4	1	0
4	2	0
5	1	0
5	2	0
83	2       -0.5
#reaction force at nodes:
1
2
3
4
5
#body force
-0.011784
