#modulus
70e3
#poisson
0.35
#plane_stress
2
#nodes
27
0	0
0	0.5  
0	1
1.5 	0
1.5 	0.5  
1.5 	1
3	0
3	0.5  
3	1
4.5 	0
4.5 	0.5  
4.5 	1
6	0
6	0.5  
6	1
7.5 	0
7.5 	0.5  
7.5 	1
9	0
9	0.5  
9	1
10.5 	0
10.5 	0.5  
10.5 	1
12	0
12	0.5  
12	1
#elements
16
4
1	4	5	2
2	5	6	3
4	7	8	5
5	8	9	6
7	10	11	8
8	11	12	9
10	13	14	11
11	14	15	12
13	16	17	14
14	17	18	15
16	19	20	17
17	20	21	18
19	22	23	20
20	23	24	21
22	25	26	23
23	26	27	24
#integration_pts
4
#displacement BC
#node - dof - value
1	1	0
1	2	0
2	1	0
2	2	0
3	1	0
3	2	0
27	2      -0.5
#reaction force for node:
1
2
3
#body force
-0.0266122

