|	Node_Num	|	X	|	Y	|	X_Disp	|	Y_Disp	|	Node_Str_XX	|	Node_Str_YY	|	Node_Str_XY	|

        1		   0.00	   0.00	   0.00000	   0.00000		1076.92308		1076.92308		  -0.00000
        2		   0.00	   1.00	   0.00000	   0.01000		1076.92308		1076.92308		  -0.00000
        3		   0.00	   2.00	   0.00000	   0.02000		1076.92308		1076.92308		  -0.00000
        4		   1.00	   0.00	   0.01000	   0.00000		1076.92308		1076.92308		  -0.00000
        5		   1.00	   1.00	   0.01000	   0.01000		1076.92308		1076.92308		  -0.00000
        6		   1.00	   2.00	   0.01000	   0.02000		1076.92308		1076.92308		   0.00000
        7		   2.00	   0.00	   0.02000	   0.00000		1076.92308		1076.92308		   0.00000
        8		   2.00	   1.00	   0.02000	   0.01000		1076.92308		1076.92308		  -0.00000
        9		   2.00	   2.00	   0.02000	   0.02000		1076.92308		1076.92308		  -0.00000
